1
2904 匯僑	23.95	-0.7	20.2	-7.0	
13.64
12.66
26.70
24.88
121.44
153.33
2.49
0.13
2
3567 逸昌	25.35	12.6	-9.6	124.2	
11.52
14.57
17.10
19.55
212.52
214.17
2.73
1.03
3
6216 居易	25.35	-9.0	-12.4	-5.4	
10.09
14.31
16.45
19.49
96.15
94.28
1.98
2.3
4
4426 利勤	27.55	-47.5	-52.2	-84.8	
11.44
19.05
15.82
19.61
130.43
113.60
2.4
0.45
5
2633 台灣高鐵	30.80	-12.8	26.1	655.6	
11.40
16.53
16.85
20.63
214.98
165.61
5.06
3.74
6
3169 亞信	36.55	-3.7	21.0	22.8	
16.17
11.88
19.66
14.36
191.42
166.34
3.97
3.07
7
6257 矽格	38.65	9.0	47.6	79.2	
12.31
11.36
15.56
15.17
52.68
76.86
0.54
1.7
8
6210 慶生	39.60	-11.5	-5.7	-4.8	
18.23
17.43
17.37
16.02
71.39
90.58
2.73
3.47
9
9926 新海	44.20	7.0	9.7	9.1	
12.09
11.83
15.14
15.18
74.87
73.11
2.38
1.48
10
8424 惠普	50.10	-12.6	17.1	29.0	
17.43
16.37
19.20
16.89
221.50
126.00
8.1
0.53
11
6532 瑞耘	50.10	59.4	74.1	116.4	
15.01
14.47
18.18
17.19
65.94
80.91
2.51
2.29
12
2441 超豐	51.30	20.6	-3.8	70.7	
11.53
14.70
15.76
19.57
159.40
178.23
3.64
2.73
13
3556 禾瑞亞	54.50	11.2	10.7	-3.2	
14.94
16.77
15.06
17.93
94.43
85.50
4.43
4.13
14
6173 信昌電	55.40	-8.6	48.0	482.5	
17.23
16.24
17.56
13.96
78.96
59.51
0.12
2.43
15
6525 捷敏-KY	55.90	-21.1	-14.7		
18.70
22.99
19.20
20.28
97.86
86.79
5.49
5.25
16
3030 德律	56.50	12.7	34.7	-1.8	
17.50
15.05
21.40
18.88
143.45
84.22
5.58
2.79
17
6523 達爾膚	61.20	-1.6	-55.4	-71.2	
10.67
12.79
18.91
17.72
167.71
117.40
2.7
3.66
18
9943 好樂迪	61.30	-9.2	21.9	10.1	
19.40
21.49
26.98
27.35
115.37
107.39
5.92
3.78
19
6263 普萊德	61.60	-4.3	10.8	38.5	
23.64
23.65
23.21
22.03
124.12
111.78
5.54
4.63
20
6147 頎邦	62.90	5.9	14.4	30.8	
14.21
11.54
20.03
16.24
138.04
83.49
5.05
2.6
21
6202 盛群	68.50	3.0	8.4	44.7	
22.22
22.21
20.12
20.42
96.42
92.21
3.83
3.83
22
6452 康友-KY	69.70	-68.3	-83.5	-56.6	
11.71
16.39
17.77
21.00
72.50
107.81
12.75
8.14
23
4549 桓達	71.60	-14.7	-17.2	-13.9	
15.90
14.39
19.28
18.54
109.21
121.14
6.03
4.86
24
6588 東典光電	73.80	-20.7	-41.7		
11.41
22.04
15.98
26.14
156.03
143.72
4.22
2.04
25
3526 凡甲	77.70	5.2	-3.1	248.7	
25.44
19.33
19.92
14.70
52.92
58.63
4.76
3.85
26
1301 台塑	80.30	-16.0	-13.2	6.3	
10.59
12.73
17.96
20.27
52.17
58.37
4.6
5.4
27
2114 鑫永銓	81.50	-2.3	4.0	2.7	
17.21
16.93
24.08
22.28
172.94
137.33
7.29
5.31
28
6411 晶焱	83.20	-10.8	-7.1	178.3	
19.20
20.92
17.39
14.83
85.01
55.99
8.87
5.65
29
2455 全新	83.40	-28.0	29.9	108.4	
19.17
15.88
20.32
20.84
62.76
113.19
2.71
1.68
30
4205 中華食	90.10	4.7	40.7	144.1	
18.97
17.54
18.00
16.66
106.68
102.05
2.92
2.86
31
5347 世界	94.50	49.6	70.9	128.5	
19.88
18.44
20.72
19.88
76.23
120.48
0.11
2.69
32
6224 聚鼎	96.60	41.8	74.2	47.9	
17.17
18.37
22.23
23.25
89.30
104.93
5.4
4.41
33
4163 鐿鈦	98.20	-26.0	-2.2	-8.4	
20.92
19.28
15.63
14.41
98.72
51.90
9.31
6.55
34
8446 華研	101.50	-20.3	4.5	8.1	
40.59
31.07
36.02
24.70
79.06
56.05
15.42
9.74
35
2428 興勤	109.00	32.7	17.1	152.2	
17.74
17.63
19.18
16.81
131.24
91.31
10.71
6.43
36
8416 實威	110.50	-1.4	18.2	7.2	
25.62
26.56
21.67
22.47
97.56
91.98
8.86
7.93
37
3217 優群	111.00	98.7	243.8	778.1	
23.00
14.93
19.98
14.47
77.30
55.92
5.91
3.03
38
4119 旭富	118.00	11.6	95.4	52.4	
17.09
13.46
24.24
20.91
135.49
102.54
7.45
4.96
39
3532 台勝科	120.50	6.2	10.8	204.3	
10.08
11.32
18.27
17.80
224.04
219.36
6.1
6.23
40
6569 醫揚	121.50	-28.5	-33.0		
24.23
25.83
15.88
13.11
130.39
84.25
16.7
9.71
41
6568 宏觀	127.00	-34.9	-39.2		
16.30
22.96
19.38
20.25
107.13
107.03
10.75
8.21
42
2707 晶華	129.00	-18.0	-15.6	-41.1	
35.19
30.88
21.19
17.90
91.21
67.59
16.41
10.1
43
2458 義隆	136.00	51.0	206.1	276.4	
34.75
17.89
25.98
15.49
54.91
56.37
3.77
3.98
44
4107 邦特	138.00	7.3	57.1	13.7	
19.33
17.34
24.97
24.40
170.81
109.63
6.99
4.76
45
8422 可寧衛	158.50	2.5	-7.4	2.5	
21.00
24.90
43.46
44.44
210.86
271.40
8.32
9.76
46
1707 葡萄王	167.00	-11.1	-5.3	-7.5	
26.92
32.82
20.98
20.81
77.27
84.86
11.33
7.76
47
8437 大地-KY	174.50	-31.5	1.3	42.7	
27.67
23.16
64.91
51.61
94.35
134.88
9.45
5.74
48
4137 麗豐-KY	176.50	-24.3	62.9	-33.6	
33.72
26.78
27.87
24.10
58.94
55.02
20.66
12.54
49
8083 瑞穎	202.00	43.2	44.3	49.6	
27.21
28.47
21.52
23.46
61.89
82.56
6.95
7.16
50
5287 數字	208.00	-16.1	-10.1	-33.0	
34.39
32.05
40.93
40.80
68.95
98.93
12.84
13.88
51
6803 崑鼎	214.50	3.6	28.5	33.7	
19.29
20.32
19.96
22.21
89.89
81.86
21.42
18.28
52
6582 申豐	214.50	304.1	303.8		
15.37
21.24
16.06
16.07
166.73
133.23
6.92
5.07
53
8341 日友	220.00	-18.6	16.7	124.6	
33.76
29.50
37.90
36.36
153.74
127.72
6.46
4.97
54
6146 耕興	229.00	17.5	50.5	21.1	
18.16
21.57
22.87
24.11
105.46
102.74
5.36
6.34
55
5474 聰泰	234.00	180.9	360.7	223.6	
25.31
28.75
20.11
20.84
106.81
83.37
10.38
6.74
56
1565 精華	264.00	-40.7	-61.3	-44.3	
22.25
30.22
20.28
24.48
80.22
106.73
21.61
26.91
57
1256 鮮活果汁-KY	281.00	39.6	102.4	80.2	
28.54
25.71
15.56
11.26
78.90
59.47
6.94
3.54
58
2059 川湖	290.00	-19.9	-28.9	-32.1	
14.99
17.71
32.00
34.42
143.93
155.92
17.67
16.3
59
3105 穩懋	314.50	3.3	36.1	664.1	
15.87
15.64
20.59
21.00
135.29
118.20
6.23
2.82
60
8464 億豐	329.50	23.1	-0.3	92.9	
34.68
33.08
19.33
18.09
102.58
106.97
15.8
11.12
61
1476 儒鴻	381.00	-7.7	4.0	-19.7	
24.53
27.73
15.29
15.01
114.90
89.41
16.56
10.49
62
3152 璟德	382.50	44.2	4.0	80.3	
19.50
23.88
37.87
41.63
179.89
213.89
6.02
9.78
63
6488 環球晶	425.00	20.5	25.8	492.5	
30.91
21.37
23.47
15.28
64.62
69.00
22.48
25.25
64
2330 台積電	447.00	54.4	90.3	226.5	
20.93
23.81
32.28
34.61
104.13
171.03
6.19
8.96
65
3529 力旺	635.00	88.9	68.6	91.8	
31.56
29.81
38.44
42.28
194.17
212.77
7.65
7.53
66
3293 鈊象	757.00	93.2	357.0	755.0	
45.11
26.94
37.38
27.24
155.59
118.94
33.33
16.03
67
6409 旭隼	962.00	47.9	66.6	136.7	
45.68
38.41
16.47
16.28
56.91
54.58
30.81
19.23
68
4966 譜瑞-KY	1095.00	93.5	128.3	320.4	
23.20
21.59
20.61
17.82
145.68
103.64
42.87
28.07
69
5274 信驊	1355.00	69.5	99.8	308.2	
33.50
31.40
33.46
32.15
157.37
166.93
26.82
18.84
70
5269 祥碩	1550.00	208.1	343.7	769.5	
39.32
30.51
25.77
19.25
172.43
125.70
21.52
11.08
71
6415 矽力-KY	1855.00	131.3	169.4	472.3	
16.53
20.78
21.58
21.64
210.17
215.32
24.84
18.88
72
3008 大立光	3165.00	-28.4	-43.5	24.5	
24.16
31.15
46.53
46.89
94.40
123.52
127.73
166.12
